intrinsic:
1412.263512299058 0.0 645.072912596185 
0.0 1417.4448473034715 259.74262895926205 
0.0 0.0 1.0 
distortion:
-0.02974199856911495 1.145115785224698 -0.013883457172675846 -0.00014756582806619192 -4.394186604053653 
