intrinsic:
1209.788813201368 0.0 625.1176289470923
0.0 1218.5007598958298 526.9773132265983
0.0 0.0 1.0
distortion:
0.09966352426490609 0.1907963123359737 0.025996302874582627 -0.006011467963465754 0.2840362739144863