intrinsic:
2138.6888004325406 0.0 691.681725191009 
0.0 2142.3253255253007 301.1025604971688 
0.0 0.0 1.0 
distortion:
0.0539569586289089 2.125010220395539 0.0008610038617983454 -0.009603682127868926 -8.939720280510915 
