intrinsic:
1315.6789515967428 0.0 687.2884697129881 
0.0 1323.1188634994473 351.4411852474054 
0.0 0.0 1.0 
distortion:
0.1476368320394241 -3.1145333889544053 0.004749433751359201 0.0025020867924420397 24.641536323225797 
