intrinsic:
1276.9127618007824 0.0 753.9992013851999
0.0 1254.2816892508156 431.5915985062141
0.0 0.0 1.0
distortion:
0.06244219963896309 -0.5196354725102974 -3.498628400927425e-06 0.021906079068457984 1.2002749606579255