intrinsic:
1567.0228905774845 0.0 475.7852739182627
0.0 1580.9995482778352 236.69599951920563
0.0 0.0 1.0
distortion:
0.15738041365933667 -0.5826273103090996 -0.021350502264967947 -0.025889892490448974 1.7245685560051343