intrinsic:
1417.9174154251841 0.0 635.7501795994726
0.0 1422.804122905061 244.63744447062683
0.0 0.0 1.0
distortion:
-0.04402841374175167 0.5641710179902675 -0.010850657791439972 -0.005519248596125203 -2.2766504397470286 103090996 -0.021350502264967947 -0.025889892490448974 1.7245685560051343