intrinsic:
1134.0803415995754 0.0 688.2699994140353
0.0 1161.0167777727752 340.43071777729216
0.0 0.0 1.0
distortion:
0.2529749484664011 -1.9491594731909134 0.0019241700876082874 -0.012534114611021184 12.436259240297055