intrinsic:
1827.65943025487 0.0 626.5963880878978 
0.0 1835.167643615014 226.32266160506109 
0.0 0.0 1.0 
distortion:
-0.054760726737604466 2.0009441950953675 -0.021837103429474883 -0.007967442190975591 -13.35299106718347 
