intrinsic:
1482.5538018557936 0.0 688.3252645265942
0.0 1490.382271794609 262.9333864154772
0.0 0.0 1.0
distortion:
-0.07245687850913503 2.1824705775663116 -0.021414452849425347 -0.0077031262578414195 -9.664743877379424