intrinsic:
1327.3105126132934 0.0 596.3175485312723
0.0 1327.797072589723 307.42607892612193
0.0 0.0 1.0
distortion:
-0.017946467639805674 0.10360133611260053 -0.011572696030779529 -0.018434688864457323 2.4326733309556166