intrinsic:
1507.9880148464133 0.0 716.7935611046684 
0.0 1505.0289818195001 414.36432432835426 
0.0 0.0 1.0 
distortion:
0.1578325028749969 -0.6941469982373271 0.007417901575982337 0.02317365624115361 3.7438480444170934 
