intrinsic:
1598.312083064402 0.0 793.7069432525291
0.0 1538.6206328273558 493.35737756146585
0.0 0.0 1.0
distortion:
-0.17192331207690867 3.2053452098804542 -0.01156567111235598 0.03932989208865666 -8.851545704555985