intrinsic:
3931.259932135137 0.0 630.4328088146689
0.0 2692.263181183214 645.6130991748779
0.0 0.0 1.0
distortion:
4.976297726547413 -111.71963803399446 0.2207999919429275 -0.4725853718847144 1775.5356900654929