intrinsic:
1423.703772827546 0.0 688.2907793444045
0.0 1429.9738833972356 302.4413954531668
0.0 0.0 1.0
distortion:
0.03831126378929388 0.09342367175112425 -0.012131150981819029 -0.003240880625061852 1.0362785235670722