intrinsic:
1912.2148859552678 0.0 540.6978176150329 
0.0 1893.2852506415354 329.5874388916724 
0.0 0.0 1.0 
distortion:
-0.3156696990799565 4.069998268640156 -0.006818389965786492 -0.0727564062225119 -26.935830760361263 
