intrinsic:
1397.1811041440124 0.0 549.125775048484 
0.0 1396.8659042773386 360.47585921988644 
0.0 0.0 1.0 
distortion:
-0.1275713026095461 3.0447831115509456 -0.0070461832204670154 -0.020215832967273376 -14.57228252810631 
