intrinsic:
1477.9782716203965 0.0 731.5658404069404 
0.0 1547.2155386425288 320.33134125262234 
0.0 0.0 1.0 
distortion:
-0.06101797622498107 0.988501677732008 -0.01535498609778971 -0.048381161819813466 -0.28158901261317887 
